function cars = initializeCars(nodes, roads)
  cars = [10  1 20 0 2 -2 3 2; 
          21  1 30 0 2 -2 3 2;
          22  1 30 0 2 -2 3 2;
          36  1 30 0 2 -2 3 2;
          37  1 30 0 2 -2 3 2;
          38  1 30 0 2 -2 3 2;
          39  1 10 0 2 -2 3 2;
          0   3 20 0 2 -2 3 4;
          10  3 10 0 2 -2 3 4;
          12  3 10 0 2 -2 3 4;
          13  3 10 0 2 -2 3 4;
          14  3 10 0 2 -2 3 4;
          0   4 10 0 2 -2 3 1;
          10  4 10 0 2 -2 3 1;
          0   5 30 0 2 -2 3 1;
          10  5 10 0 2 -2 3 1;
          11  5 10 0 2 -2 3 1;
          16  5 10 0 2 -2 3 1;
          17  5 10 0 2 -2 3 1;
          18  5 10 0 2 -2 3 1;
          29  5 10 0 2 -2 3 1;
          0   6 40 0 2 -2 3 5;
          0   7 10 0 2 -2 3 8;
          10  7 10 0 2 -2 3 8;
          0   8 10 0 2 -2 3 9;
          0  10 20 0 2 -2 3 11;
          10 10 10 0 2 -2 3 11;
          20 10 10 0 2 -2 3 11;
          27 10 10 0 2 -2 3 11;
          28 10 10 0 2 -2 3 11;
          29 10 10 0 2 -2 3 11;
          33 10 10 0 2 -2 3 11;
          34 10 10 0 2 -2 3 11;
          35 10 10 0 2 -2 3 11;
          36 10 10 0 2 -2 3 11;
          0  11 10 0 2 -2 3 12;
          6  11 10 0 2 -2 3 12;];
end
