function nodes = initializeNodes()
  nodes = [0 100;
           100 100; 
           100 0; 
           0 0;
           50 50;
           25 50;
           0 150;
           50 150;
           100 150;
           100 200;
           50 200;
           50 125;
           50 75;
           ];
end
