function roads = initializeRoads(nodes)
  roads = [ 1 2; 
            2 3; 
            3 4; 
            4 1;
            6 1;
            5 6;
            1 7;
            7 8;
            8 9;
            9 10;
            10 11;
            11 8;
            8 12;
            12 1;
            1 13;
            13 5;
            ];
end
