function cars = initializeCars(nodes, roads)
  cars = [10  1 20 0 2 -2 3 2 1; 
          21  1 30 0 2 -2 3 2 1;
          22  1 30 0 2 -2 3 2 1;
          36  1 30 0 2 -2 3 2 1;
          37  1 30 0 2 -2 3 2 1;
          38  1 30 0 2 -2 3 2 1;
          39  1 10 0 2 -2 3 2 1;
          0   3 20 0 2 -2 3 4 1;
          10  3 10 0 2 -2 3 4 1;
          12  3 10 0 2 -2 3 4 1;
          13  3 10 0 2 -2 3 4 1;
          14  3 10 0 2 -2 3 4 1;
          0   4 10 0 2 -2 3 1 1;
          10  4 10 0 2 -2 3 1 1;
          0   5 30 0 2 -2 3 1 1;
          10  5 10 0 2 -2 3 1 1;
          11  5 10 0 2 -2 3 1 1;
          16  5 10 0 2 -2 3 1 1;
          17  5 10 0 2 -2 3 1 1;
          18  5 10 0 2 -2 3 1 1;
          29  5 10 0 2 -2 3 1 1;
          0   6 40 0 2 -2 3 5 1;
          0   7 10 0 2 -2 3 8 1;
          10  7 10 0 2 -2 3 8 1;
          0   8 10 0 2 -2 3 9 1;
          0  10 20 0 2 -2 3 11 1;
          10 10 10 0 2 -2 3 11 1;
          20 10 10 0 2 -2 3 11 1;
          27 10 10 0 2 -2 3 11 1;
          28 10 10 0 2 -2 3 11 1;
          29 10 10 0 2 -2 3 11 1;
          33 10 10 0 2 -2 3 11 1;
          34 10 10 0 2 -2 3 11 1;
          35 10 10 0 2 -2 3 11 1;
          36 10 10 0 2 -2 3 11 1;
          0  11 10 0 2 -2 3 12 1;
          6  11 10 0 2 -2 3 12 1;];
end
