function networkMatrix = loadNetworkMatrix

    networkMatrix = [1000 15 10 20 1000;
                    15  1000 5  1000  7;
                    10  5 1000  5  8;
                    20  1000 5  1000  9;
                    1000   7 8  9  1000];
                
end